00917
01099
01508
01213
01645
00941
01203
01150
01623
00257
01470
00324
00487
00377
00798
01434
00759
00490
01096
00036
01138
01115
00740
01675
00583
01573
00913
00062
01241
00859
00483
01632
01473
00037
00773
01376
00374
00229
01217
00878
00162
00049
01353
00151
01364
00093
00359
01139
00595
00828
01411
00709
00564
00657
00622
00397
00535
00618
00339
01106
00613
00678
00653
00787
00077
00135
00681
01243
00895
01595
00157
01431
00212
00623
00930
00911
00857
00829
01443
00872
00684
00161
01634
00453
01325
00394
01407
01539
00194
01639
00086
00735
00631
01416
00372
00777
00868
01049
00764
01394
01167
00403
01636
00474
00807
01556
01423
00974
00700
00222
00991
00202
01570
00450
00919
01169
00319
00540
00408
00861
00065
01483
00547
00449
01074
01472
00311
00934
00523
01175
00102
01232
00755
01361
00835
00048
00218
00954
00415
00730
00542
00417
00615
00944
01006
01310
00697
00500
00245
00201
01137
00951
00722
01252
00578
00426
00964
00708
00543
01331
01676
00928
00370
01624
01555
00052
00439
01155
01686
00499
01297
01134
01091
00901
00634
00039
00423
01272
01340
01158
01514
00130
00402
00328
01046
01664
01590
01469
01038
01357
00457
01018
01107
00174
00181
00114
01465
01450
00506
00326
01314
01251
00767
01398
00775
01200
00283
00560
01160
01537
01102
01553
01159
00839
00120
00551
01414
01390
00073
00279
01259
00079
00017
00690
01043
00433
00461
00313
00765
01518
00739
00232
00321
00331
00067
00503
01140
01589
01674
01492
00780
01148
00770
00171
01145
00834
01617
00285
00655
00849
01558
00455
01040
00465
01360
00103
00074
01608
01349
01367
00459
01088
00942
00018
01026
00193
01496
01486
00332
00427
01682
00514
00816
00645
01476
00894
00464
01641
00250
00489
01358
01389
01571
00997
00990
00571
01121
01462
01185
00100
00718
00891
00045
00721
00633
01076
00419
01178
01000
00024
01455
00197
00053
00149
00588
00200
00871
00448
01338
01142
01563
00693
01379
01262
00159
01576
01345
01085
00118
01522
00955
01301
00083
00644
00981
00437
01584
00082
01500
01271
00513
00278
01400
01151
01475
00087
01306
01677
01681
00357
01256
01035
00561
00044
01267
01017
01616
00987
01313
00521
00223
00970
00701
01441
00230
01637
00190
01577
00725
00111
00838
00379
00356
01298
00016
00337
00355
01179
01149
01164
00277
01199
00597
00255
00055
01673
00051
00965
01207
00925
00907
00528
00401
01646
01427
00238
00354
00412
00431
00407
00219
01010
01428
00368
01649
01524
01538
00297
00881
00186
00980
00006
01543
01461
00733
01186
01670
00935
00768
01516
01118
01030
00175
01409
01284
00922
01489
01064
00050
00966
01607
01424
00914
00663
01656
00391
00482
01315
01036
01180
00728
01502
01282
01287
00632
01261
00649
00808
00596
01337
00960
00148
00703
01438
01329
01575
00063
01557
00485
00959
01055
00652
01223
01260
01643
01289
01444
01127
00931
00125
00726
00235
00189
00909
00226
01401
00360
00239
00686
01153
00166
01561
01362
01381
01350
00213
00308
00404
01236
01445
00305
00536
00494
01072
01015
01025
01592
00751
01447
00516
01598
00687
00362
00968
01647
00876
00585
00869
01422
00998
00473
00003
01352
00105
01440
01012
00129
00005
01467
00057
00386
01100
01214
00363
01433
01684
00813
00380
00747
00604
00565
01111
01054
00827
00518
01226
01249
00009
01363
00406
01578
00425
01174
00467
00320
01280
01129
01197
00553
00220
00566
00248
00840
00973
00830
00371
00134
00478
00984
00744
00855
01344
00251
00389
00085
01119
00729
00126
01079
00340
01509
00140
01335
01253
00630
00549
00076
00795
01644
01454
00293
00454
00635
01498
01304
00160
00286
01463
01386
01255
01493
00443
01572
01393
00679
00569
00367
00621
00476
00031
01630
01189
01442
00877
01146
01397
01275
01672
00525
01458
01481
00627
00707
00366
01482
01552
00753
00650
01366
01190
00141
00607
00204
00156
01080
00842
00677
01082
00608
00843
00752
00676
00698
00188
00447
00435
00480
01396
01648
00926
00629
00192
01067
01187
01288
01689
00545
01533
01039
00712
01385
00669
00899
00825
01417
01464
01263
00249
01527
00410
00600
01122
00358
00244
01459
00233
01209
01316
01579
00350
01605
01466
01369
01618
00683
00167
01247
00844
00591
00400
00282
00902
01348
01231
00075
00066
00996
00900
00109
00860
00241
00946
01257
00346
00041
00791
00805
01276
00351
01485
00246
01658
00534
00526
01383
00948
00115
00072
00874
00702
00999
00824
00004
00276
01194
00043
00027
00292
00398
01655
00252
00060
00046
00826
00481
01587
00179
00515
00034
00236
00947
00699
00001
01029
00168
00254
01061
00138
00799
00792
01371
01136
00738
00783
00886
01480
00466
01172
00989
00023
01204
00345
00668
01147
01293
01201
01495
00741
00022
00505
01051
01615
01083
00269
01510
00904
00491
00815
01321
00207
00866
01663
01519
01130
01069
01053
00484
01666
00720
00112
00601
01154
00742
00850
01621
00405
00428
00107
00070
01594
00068
00971
00348
00556
00858
00147
01285
01671
00642
00508
00361
00375
01449
00240
00734
00216
01545
01117
01300
00349
00012
01339
00694
01211
00007
00802
01457
00544
01375
00625
01512
00660
00280
01559
00763
00470
00275
01528
01144
01230
01551
01660
00731
00570
00574
00291
00619
01050
00761
01312
00335
01599
00873
00801
00847
00950
00237
01114
01181
01602
01033
01650
01507
01005
01614
01582
00910
01437
01020
01501
00821
00598
01317
00584
00315
01435
01549
00317
00575
00092
00659
00643
00756
00612
01116
01365
00572
00796
01028
01574
01156
00666
01081
01604
01022
00056
00736
01544
00042
00266
01120
01562
01631
00803
00299
00988
01419
00330
00178
01412
01016
01254
00602
00898
01264
01548
00104
00414
00310
01581
01384
00409
01095
00812
01063
01002
01302
01332
01429
00488
01319
00921
01057
00184
01245
00786
00510
01560
00069
01032
01517
01286
01542
00288
01104
01163
00905
00458
00393
00994
01530
01013
01638
01268
01058
01523
00794
00139
00172
00610
00961
00295
01550
01564
00890
00264
01531
00806
01372
00144
00122
01668
00762
01547
00452
00033
01065
00191
00924
00211
00512
00817
01642
01680
00715
00606
01273
01206
01535
00101
00463
00568
00117
00605
01653
00933
00932
01098
01691
00329
00646
00183
00936
00846
00038
00215
00208
00714
01326
01474
00511
01073
00680
00724
00962
00430
01328
00421
01342
00015
01023
00976
00416
00011
00809
00420
01087
01625
00152
00170
01451
01532
01132
01506
01657
01515
00651
01370
00896
00119
01234
00940
01456
01497
00772
01047
00592
01193
00550
01162
00021
01021
01105
01359
01283
01133
01318
00557
00748
00127
00552
01011
00524
00312
00548
00150
00617
00333
00242
00468
00864
01478
01439
00013
01173
01585
01070
01165
00302
01238
00665
00727
01141
00640
01004
00316
00281
00456
01322
01593
00098
01600
00532
00182
01071
00469
00845
00958
00128
01062
01279
01520
00852
00169
00573
01640
00704
00760
01399
00137
01202
00969
00165
01278
00153
00247
00562
00096
01633
00442
00035
01128
00185
00205
01635
01109
00875
01413
00163
01170
00822
01171
00691
01503
01504
00334
01308
00396
00133
00626
00832
00030
00284
00953
01402
01392
00341
01244
00810
00711
00509
00390
00599
01290
00142
00586
00318
01184
01669
01143
01323
00343
00436
01665
00870
00384
00438
01094
01568
00373
00344
00259
00977
00790
00227
00897
01529
00716
00444
00243
00028
00603
01103
00145
01126
00132
01546
01113
00637
00422
00429
00014
00385
00106
01222
01177
00234
01685
01418
01499
00088
00265
01066
01626
